0.160000
0.107143
0.148760
0.080000
0.198020
0.045455
0.132530
0.191176
0.615385
0.184211
0.066667
1.000000
0.090909
0.278689
0.060976
0.121951
0.375000
0.588235
0.172414
1.000000
0.037267
0.370370
0.437500
0.147929
0.052632
0.138889
0.052632
0.047619
1.000000
0.223881
0.254902
0.168675
0.067797
0.210526
0.152542
0.148148
0.127273
0.074074
0.146341
0.153846
0.341463
0.194444
0.179487
0.123077
0.164062
0.115044
0.075000
0.071429
0.094118
0.129032
0.196203
0.144578
0.280000
0.219697
0.113636
0.040000
0.071429
0.169811
0.075949
0.015873
0.658824
0.053435
0.174825
0.114943
0.154545
0.111111
0.032895
0.272727
0.106796
0.123288
0.030000
0.096774
0.210526
0.082192
0.076923
0.454545
0.074074
0.093023
0.050847
0.330189
0.168539
0.087302
0.107143
0.157895
0.083333
0.053191
0.121212
0.142857
0.169492
0.175676
0.086957
0.071429
0.086207
0.617021
0.045455
0.121827
0.352113
0.178571
0.225806
0.072727
0.032787
0.111111
0.172414
0.080000
0.166667
0.058824
0.048780
0.130435
0.063158
0.096774
0.036364
0.083333
0.138889
0.076923
0.151515
0.360000
0.100000
0.152672
0.312500
0.053763
0.151515
0.060976
0.219298
0.091954
0.136691
0.137931
0.156250
0.241667
0.130435
0.148148
0.069767
0.201581
0.204545
0.122449
0.185714
0.118812
0.125000
0.049383
0.019608
0.116667
0.211111
0.018519
0.122449
0.160714
0.229885
0.044118
0.095238
0.146853
0.150685
0.176471
0.104478
0.089552
0.159091
0.094017
0.051471
0.092511
0.177215
0.714286
0.896552
0.154762
0.137500
0.184211
0.090909
0.178571
0.283582
0.141414
0.094118
0.153846
0.157895
0.372881
0.517857
0.185714
0.068966
0.179245
0.156863
0.178571
0.071429
0.043478
0.025000
0.210526
0.166667
0.138462
0.094203
0.083333
0.085714
0.156250
0.023256
0.141791
0.096154
0.080952
0.148649
0.060976
0.073171
0.272727
0.277778
0.250000
0.045455
0.080000
0.258065
0.297297
0.157895
0.075829
0.021277
0.065217
0.215686
0.100000
0.116667
0.595238
0.066667
0.060000
0.120482
0.081448
0.096774
0.094203
0.026786
0.838710
0.108974
0.161905
0.116279
0.093750
1.000000
0.279070
0.296610
0.362963
0.090909
0.175676
0.121212
0.112360
0.156627
0.198980
0.070175
0.081633
0.012346
0.029412
0.177419
0.368421
0.145455
0.375000
0.086957
0.159091
0.173913
0.074074
0.250000
0.615385
0.145161
0.125000
0.369565
0.060606
0.085714
0.118056
0.175000
0.283582
0.476190
0.142857
0.184615
0.023810
0.041667
0.061644
0.110092
0.540230
0.064516
0.375000
0.121212
0.100000
0.193878
0.880000
0.186047
0.118557
0.134328
0.202247
0.183673
0.727273
0.075758
0.191781
0.216000
0.368421
0.098592
0.278351
0.176471
0.198413
0.687500
0.134328
0.342857
0.126582
0.176471
0.120000
0.117647
0.092308
0.083333
0.406250
0.154930
0.162162
0.255556
0.056000
0.151515
0.175258
0.365385
0.134146
0.531250
0.134615
0.186441
