0.1600
0.1071
0.1488
0.0800
0.1980
0.0455
0.1325
0.1912
0.6154
0.1842
0.0667
1.0000
0.0909
0.2787
0.0610
0.1220
0.3750
0.5882
0.1724
1.0000
0.0373
0.3704
0.4375
0.1479
0.0526
0.1389
0.0526
0.0476
1.0000
0.2239
0.2549
0.1687
0.0678
0.2105
0.1525
0.1481
0.1273
0.0741
0.1463
0.1538
0.3415
0.1944
0.1795
0.1231
0.1641
0.1150
0.0750
0.0714
0.0941
0.1290
0.1962
0.1446
0.2800
0.2197
0.1136
0.0400
0.0714
0.1698
0.0759
0.0159
0.6588
0.0534
0.1748
0.1149
0.1545
0.1111
0.0329
0.2727
0.1068
0.1233
0.0300
0.0968
0.2105
0.0822
0.0769
0.4545
0.0741
0.0930
0.0508
0.3302
0.1685
0.0873
0.1071
0.1579
0.0833
0.0532
0.1212
0.1429
0.1695
0.1757
0.0870
0.0714
0.0862
0.6170
0.0455
0.1218
0.3521
0.1786
0.2258
0.0727
0.0328
0.1111
0.1724
0.0800
0.1667
0.0588
0.0488
0.1304
0.0632
0.0968
0.0364
0.0833
0.1389
0.0769
0.1515
0.3600
0.1000
0.1527
0.3125
0.0538
0.1515
0.0610
0.2193
0.0920
0.1367
0.1379
0.1562
0.2417
0.1304
0.1481
0.0698
0.2016
0.2045
0.1224
0.1857
0.1188
0.1250
0.0494
0.0196
0.1167
0.2111
0.0185
0.1224
0.1607
0.2299
0.0441
0.0952
0.1469
0.1507
0.1765
0.1045
0.0896
0.1591
0.0940
0.0515
0.0925
0.1772
0.7143
0.8966
0.1548
0.1375
0.1842
0.0909
0.1786
0.2836
0.1414
0.0941
0.1538
0.1579
0.3729
0.5179
0.1857
0.0690
0.1792
0.1569
0.1786
0.0714
0.0435
0.0250
0.2105
0.1667
0.1385
0.0942
0.0833
0.0857
0.1562
0.0233
0.1418
0.0962
0.0810
0.1486
0.0610
0.0732
0.2727
0.2778
0.2500
0.0455
0.0800
0.2581
0.2973
0.1579
0.0758
0.0213
0.0652
0.2157
0.1000
0.1167
0.5952
0.0667
0.0600
0.1205
0.0814
0.0968
0.0942
0.0268
0.8387
0.1090
0.1619
0.1163
0.0938
1.0000
0.2791
0.2966
0.3630
0.0909
0.1757
0.1212
0.1124
0.1566
0.1990
0.0702
0.0816
0.0123
0.0294
0.1774
0.3684
0.1455
0.3750
0.0870
0.1591
0.1739
0.0741
0.2500
0.6154
0.1452
0.1250
0.3696
0.0606
0.0857
0.1181
0.1750
0.2836
0.4762
0.1429
0.1846
0.0238
0.0417
0.0616
0.1101
0.5402
0.0645
0.3750
0.1212
0.1000
0.1939
0.8800
0.1860
0.1186
0.1343
0.2022
0.1837
0.7273
0.0758
0.1918
0.2160
0.3684
0.0986
0.2784
0.1765
0.1984
0.6875
0.1343
0.3429
0.1266
0.1765
0.1200
0.1176
0.0923
0.0833
0.4062
0.1549
0.1622
0.2556
0.0560
0.1515
0.1753
0.3654
0.1341
0.5312
0.1346
0.1864
