0.7061514490371487
0.7947096897987469
0.8052375434346808
0.5737070186177216
0.6847076862728565
0.6586583198594488
0.7393472112131216
0.6356794376866229
0.843829609554087
0.6497952653137969
0.6348272903831875
0.8177697200384144
0.47312697368354173
0.775462313513958
0.710837207856089
0.7554624696463526
0.7358638490804437
0.74876073594749
0.6605811941773452
0.8476723410969627
0.8556773834811593
0.8223592447697803
0.8388457477486803
0.6610080659833819
0.5830012868835369
0.8092297294568678
0.522186674892464
0.7133899301778283
0.7602104742094411
0.6635343555379813
0.8469667424660359
0.7262642789491144
0.8807612157897193
0.7028477289303452
0.7696782907391552
0.49858958831658284
0.6010652678674779
0.7439707634242834
0.6477079480181103
0.714995067617294
0.775856441431873
0.8480896144298375
0.768485738873752
0.6941855313095942
0.5633393171804646
0.6570358827211924
0.7499984473395777
0.6571874457151422
0.7288850653605047
0.7910387526962146
0.6213385552803796
0.6625382302521646
0.8601827636222465
0.7762016306832622
0.3964252638196726
0.7815759573838474
0.8457623862439109
0.8238682826964253
0.6812095602474361
0.8038657330965511
0.8547115695792141
0.7543484476509207
0.7257468829385985
0.7160409360088932
0.629451572812979
0.7008080763329909
0.7467468050707806
0.816905978539497
0.6972894015206076
0.6645778301388211
0.6533934365276857
0.872069740030295
0.4916546649666429
0.8243139926850349
0.5081377351086295
0.7494747867041558
0.571793423206864
0.663551458580978
0.5950501693879808
0.8109595977415169
0.7593161031784732
0.5590887222117424
0.7925560539381835
0.6276575510759219
0.7721820652929992
0.7268075250329333
0.6819756011227786
0.7015397073470971
0.8007042268059635
0.6816263910043527
0.9150025737134961
0.6459897839305478
0.7058408744489291
0.7718553616262139
0.6557232109363771
0.6859989279642306
0.4769464908390121
0.7161528312957492
0.42934853683575813
0.7194825532866342
0.8329764474070815
0.7299826263355704
0.6843993268240619
0.6230303256810121
0.6972960329800879
0.8180203958989745
0.6602674810019529
0.7062516575473321
0.6541956736287439
0.6088814506985193
0.5959481760155159
0.6841888184520317
0.527316637198242
0.6577871615483009
0.7554994279475066
0.5150350665288459
0.6594531622325559
0.8005247791088226
0.7392744287298407
0.6008567249240626
0.7089159358956958
0.766023067152029
0.9108684336728248
0.6061488548269868
0.8109040852739262
0.8781625834172566
0.7367072166762483
0.8302249339853469
0.7293026397331572
0.4862560756149895
0.7800145813773228
0.8866709609691631
0.5216337244680184
0.8109461887055478
0.615944545628083
0.7194947072114245
0.5277585627385903
0.7809096821299929
0.7300708857534288
0.726790532616963
0.6456782751067373
0.5236803411272672
0.7810290610996395
0.7670252118260952
0.7513629719943534
0.5260562376637314
0.6505235147279821
0.7479605955976294
0.5576925451662746
0.7965054481142849
0.8327885736626521
0.3407319059304136
0.7921196275416826
0.769278157188688
0.6943274749073958
0.7853297564025785
0.8810011062056574
0.7424913031727831
0.6961166506862368
0.5788474389773206
0.719842248343783
0.8117789489028417
0.7586057141161483
0.713469616584592
0.6586530839669102
0.6574106172528412
0.698053915706085
0.6537187556824278
0.5584502886209703
0.7925204081302153
0.8551603348429601
0.5582487599230121
0.6535755075114413
0.7426673170103086
0.787014523826129
0.5942062657843353
0.5741391831544307
0.7455425043156947
0.6802681220793885
0.7537112033580113
0.723825655712005
0.6263243632804216
0.6297065000371149
0.7753600724733941
0.6643688393253225
0.6737382270320356
0.439160573232128
0.7759602013920343
0.7349298577273258
0.7887973237115287
0.7091483141811583
0.6392681692892743
0.761859837276567
0.7517299767412876
0.6593689745536875
0.9030868997492295
0.6854348451191838
0.6508465154147802
0.7697026605028796
0.7122764383797566
0.8550869519223971
0.6989884233270609
0.7691370524177183
0.5530162292701143
0.8169112565452108
0.6341424212216782
0.6532967309548818
0.8651292462663458
0.3524220107669749
0.4612279251741117
0.6488242318077393
0.7067456943008703
0.606956459263009
0.6892251602607218
0.6323000104748585
0.7504805480063916
0.750730783194823
0.7112048105952833
0.6391500977613049
0.6987898953692417
0.692926552425513
0.7435990219474791
0.8318833271177533
0.7931192545800025
0.6446582348332736
0.8727194629524984
0.7290842369462408
0.5866472795299266
0.8314355664610316
0.7921139983668989
0.8097621990611982
0.7639635233589602
0.6052902769967483
0.725361847767319
0.6570016711911493
0.8521737615480596
0.7026243910944847
0.7882058885546481
0.6426194220836193
0.5951987286029261
0.5920193059229336
0.43429011678622464
0.5835879013504714
0.5823392345056131
0.8404772664338117
0.4824917949584111
0.8009332193190601
0.7981322048586017
0.5537283868350076
0.5957559902069418
0.5937678565778785
0.8416625545955042
0.5348372836370645
0.6617241722669118
0.3542367484642427
0.7429297322679871
0.5011353445426483
0.5594667020495134
0.7615551287590577
0.6398232280138815
0.5899691761964908
0.6823420837294323
0.6874263088831731
0.7645084744300227
0.8067003706759605
0.4301635471876365
0.43881266451661427
0.7515174691748112
0.6730610300120188
0.7156218300372335
0.809141641210206
0.8533878214632913
0.5826236784683237
0.7222920647037686
0.67243779808816
0.8639126676305801
0.7012606940785919
0.822082037761986
0.8644097267063007
0.670110904454962
0.5312443992378861
0.398434146718633
0.8341274190272852
0.725392621005944
0.7186714997574188
0.7991811786607423
0.641431163911262
0.6333201090200982
0.5119398129748112
0.49095727585748916
0.45350499767996466
0.713532906180629
0.7224992454742313
0.8000707823252573
0.6812505489588652
0.7177298770908599
0.781656517394566
0.7497585295071927
0.5901942705244565
0.273358042916876
0.8147237431025105
