0.9071839235837699
0.8346796407708189
0.9027685669572516
0.602007499748132
0.8387390815175187
0.7387063255395154
0.8908125477964266
0.8704039345619836
0.9388664383620136
0.7928877836097703
0.6338719276597022
1.0000000000000007
0.4869782369897824
0.9401702234697398
0.8203550482133903
0.8043397451518479
0.9351057797268671
0.9667511006851959
0.7374297997141313
1.0000000000000009
0.7805928609164325
0.9455544745920057
0.9620896371519605
0.90422923176111
0.6753491357909175
0.8101960893804154
0.6252053842402416
0.7672736039372234
1.0000000000000004
0.8594162172030005
0.9246449985770955
0.9121742657042294
0.7781093690857611
0.758825062187561
0.9141808267471362
0.7714347072258692
0.8215152458768726
0.6214614125787297
0.7870815741983473
0.8303218428780514
0.9106011941855947
0.88759706847789
0.8203130495156984
0.8699314776585301
0.8471046650007947
0.7984721925594034
0.74487242683526
0.6921886366757903
0.835355006390388
0.8549806299912143
0.9116386012372321
0.8758141651826621
0.9305361433012413
0.9516773130789252
0.8701667520359805
0.628687456968992
0.660733620105727
0.8654269939115243
0.8608326739819077
0.638549092470389
0.9859906919953214
0.714198593254078
0.9102911074116493
0.8853551966977662
0.8775579810781688
0.725742097954558
0.6788751251259171
0.9700392203105741
0.8367306884054061
0.8436608431334609
0.7309736625099549
0.8604975474285417
0.8026138245175732
0.7442901201139608
0.7565038638493096
0.7492149872272719
0.7157591180154066
0.8614964760330502
0.7146356908680955
0.9535695639632398
0.9311257726679794
0.8636776207189806
0.6392870576035389
0.8918116526615384
0.7420737602825263
0.7617640252676534
0.6155727695713301
0.8766394779111473
0.842001753155674
0.8633283054641698
0.8606719190455054
0.6728173206316339
0.7273939491080689
0.9772924628256874
0.753838755615872
0.9108765647392847
0.9533026837863793
0.9021212013475746
0.875950917478244
0.6722072268090418
0.6850623661613194
0.6202986753407663
0.7374297997141313
0.797434931922832
0.9303511952450076
0.7177266155779383
0.6048659616635574
0.8347818970443308
0.8549529673905849
0.7060094943079662
0.7459094881244941
0.6778642461063253
0.8023536415234306
0.49161034246930346
0.7151788559892134
0.913080147694803
0.7772702731302052
0.8722398750792157
0.8734897310487753
0.792022969052487
0.7151788559892134
0.8084714350769272
0.8950012977257584
0.8243055339735244
0.8870695098631245
0.8402047194666963
0.9169138899355871
0.9549532756935766
0.8981865324932217
0.7111741925643245
0.7192808423832828
0.9439716846365391
0.8312041486008869
0.8500998812680663
0.7911558951797134
0.8158861453235187
0.8357532659281158
0.7783351796640752
0.6819713822695885
0.9062556214919599
0.9258476665520337
0.6923344300398514
0.8188309938582649
0.8752014880904051
0.8541260310431245
0.7072449740921218
0.6110579929067432
0.9004009071850896
0.845936665725529
0.7015026371970943
0.8170093171487891
0.7511853762266021
0.9087909794263201
0.8519872334410117
0.79439240728967
0.8552775052048668
0.8980618147845286
0.9778284851973374
0.9305135495226639
0.8259589611042101
0.8492603187928369
0.9366245874077096
0.6604264664348294
0.7323133624181223
0.9300120890676012
0.8114222067073099
0.8125826601517201
0.7584648607019131
0.745978508594873
0.9357189030551682
0.9094280185370913
0.9108065444347375
0.6854793556953298
0.8944362225540059
0.8239578358485504
0.9439829275709594
0.7036041342646195
0.8090688004361271
0.5938140733083543
0.8537754985304868
0.6915904226655334
0.862100859722635
0.8394616808778509
0.7729538650257368
0.6860387157494182
0.7044827420204631
0.6729266866200657
0.9000467685202591
0.8048197723758319
0.9159375102889725
0.8816010498210369
0.8084714350769272
0.7645484075306455
0.890610136683009
0.8960321597417649
0.7912672975873426
0.6878256009769353
0.8002016626211454
0.8836039103596227
0.8233547636637308
0.9265543642196167
0.8390833528366295
0.596780571260817
0.6531890526725459
0.8430838996396579
0.8250879587613176
0.8172639784181213
0.9422598163683908
0.5835358716747905
0.6898229317641191
0.8066370352172214
0.7918889749338012
0.6592578020988809
0.9025669834263131
0.7404678522920186
0.9021861191723
0.922786534322193
0.8841043409832599
0.785191396162719
0.8254177447256504
1.0000000000000004
0.9630320174714468
0.9395526359829295
0.936048518248151
0.7931304755656003
0.8420856991043868
0.8630485128436747
0.8544800500291672
0.8709721826700388
0.9484597926589087
0.8535931180349325
0.8552249223172836
0.6695425030374648
0.7171670657967467
0.8550364152721239
0.8696608286847927
0.8220369187964907
0.7933699022982026
0.5962315777292322
0.7383505912137045
0.8969688396516546
0.8196363670151353
0.8898361065427678
0.8481419529884449
0.7940642822618704
0.733615525757326
0.9323503763188994
0.8326931363007077
0.6747157042613359
0.8597269903559934
0.8695116150796881
0.9091168922765274
0.9376462975946386
0.7197100839956501
0.8434741224965839
0.5021060533753116
0.47351860660082956
0.8369125790121148
0.7688370349788599
0.9737583672673968
0.616345543978886
0.9104854233139942
0.7489651030446931
0.8582008791961275
0.8721284417416302
0.9762514692565607
0.8948807673326044
0.8734767387755562
0.8295081479032583
0.9055739317908615
0.8530992427028647
0.9844124656213961
0.8753257182462368
0.824304099658552
0.9025534834502146
0.764719767440651
0.8525570978079445
0.9078812943410989
0.7934896278128549
0.889504825200404
0.8575406214070929
0.797010546224272
0.9592936161819936
0.8445801246479796
0.8292153658347808
0.6699178022780644
0.810478841309388
0.8085402005429678
0.7727367222868946
0.886454285255736
0.8444337800150702
0.7208588394373994
0.9309647947920503
0.8093787275851517
0.8776321286249146
0.7865793013909248
0.8938595651387437
0.7468876871882744
0.8810155811342442
0.8542846450112367
0.9286770360167939
